INDEXED UNIVERSAL LIFE	MALE																																								
AGE	50000	55000	60000	65000	70000	75000	80000	85000	90000	95000	100000	105000	110000	115000	120000	125000	130000	135000	140000	145000	150000	155000	160000	165000	170000	175000	180000	185000	190000	195000	200000	205000	210000	215000	220000	225000	230000	235000	240000	245000	250000
40	35.75	39.26	42.77	46.27	49.78	50.94	54.27	57.6	60.93	64.26	66.12	69.3	72.49	75.67	78.86	81.3	84.35	87.41	90.46	93.52	96.49	99.53	102.6	105.66	108.71	111.69	114.67	117.65	120.63	123.61	126.87	129.85	132.83	135.81	138.79	142.05	145.03	148.01	150.99	154.07	157.25
41	37.9	41.6	45.31	49.01	52.71	54.16	57.71	61.26	64.81	68.36	70.42	73.83	77.24	80.65	84.06	86.68	89.88	93.09	96.29	99.5	102.94	106.13	109.33	112.53	115.73	119.2	122.39	125.59	128.79	132	135.46	138.66	141.86	145.06	148.26	151.72	154.92	158.12	161.32	164.24	167.99
42	40.05	43.95	47.84	51.74	55.64	57.39	61.14	64.9	68.66	72.41	74.72	78.36	82	85.64	89.28	92.05	95.42	98.78	102.15	105.52	109.39	112.73	116.08	119.42	122.77	126.72	130.06	133.4	136.75	140.09	144.05	147.39	150.74	154.08	157.42	161.4	164.74	168.08	171.43	174.73	178.73
43	42.2	46.3	50.39	54.49	58.59	60.61	64.58	68.54	72.51	76.48	78.02	82.29	86.56	90.83	95.1	97.43	101.03	104.64	108.24	111.85	115.84	119.43	123.02	126.61	130.21	134.23	137.82	141.41	145.01	148.6	152.64	156.23	159.83	163.42	167.02	171.07	174.66	178.26	181.85	185.99	189.48
44	44.8	49.14	53.48	57.82	62.16	64.52	68.78	73.04	77.3	81.56	84.23	88.79	93.35	97.91	102.47	103.92	107.79	111.66	115.53	119.4	123.64	127.5	131.36	135.22	139.08	143.35	147.21	151.07	154.93	158.79	163.06	166.92	170.78	174.64	178.5	182.77	186.63	190.49	194.35	199.07	202.48
45	47.53	52.09	56.66	61.23	65.8	68.62	73.08	77.54	81.99	86.45	89.7	94.53	99.37	104.2	109.03	110.77	114.88	118.99	123.1	127.21	131.82	135.93	140.04	144.15	148.26	152.87	157	161.12	165.24	169.37	173.97	178.09	182.21	186.34	190.46	194.89	199.01	203.14	207.26	212.9	216.17
46	50.27	55.04	59.81	64.58	69.35	72.72	77.38	82.04	86.7	91.36	95.17	100.27	105.37	110.47	115.57	117.61	121.97	126.33	130.69	135.05	140.06	144.42	148.78	153.14	157.5	162.52	166.88	171.24	175.6	179.96	184.96	189.32	193.68	198.04	202.4	207.41	211.77	216.13	220.49	226.73	229.86
47	53.6	58.68	63.77	68.85	73.94	77.72	82.68	87.64	92.6	97.56	101.83	107.27	112.71	118.15	123.59	125.94	130.57	135.2	139.83	144.46	149.86	154.49	159.12	163.75	168.38	173.88	178.51	183.14	187.77	192.4	197.9	202.53	207.16	211.79	216.42	221.8	226.43	231.06	235.69	242.76	245.97
48	56.94	62.31	67.68	73.05	78.42	82.72	87.98	93.24	98.5	103.76	108.49	114.27	120.05	125.83	131.61	134.28	139.17	144.06	148.95	153.84	160.06	165	169.94	174.88	179.82	185.83	190.77	195.71	200.65	205.59	211.61	216.55	221.49	226.43	231.37	237.39	242.33	247.27	252.21	260.04	263.17
49	60.44	66.16	71.88	77.6	83.32	87.96	93.52	99.08	104.64	110.2	115.48	121.6	127.72	133.84	139.96	142.92	148.21	153.5	158.79	164.08	170.54	175.83	181.12	186.41	191.7	197.97	203.26	208.55	213.84	219.13	225.75	231.04	236.33	241.62	246.91	253.12	258.41	263.7	268.99	277.6	280.65
50	63.94	69.96	75.98	82	88.02	93.19	99.06	104.93	110.8	116.67	122.47	128.93	135.39	141.85	148.31	151.75	157.25	162.75	168.25	173.75	181.03	186.53	192.03	197.53	203.03	210.3	215.8	221.3	226.8	232.3	239.58	245.08	250.58	256.08	261.58	268.85	274.35	279.85	285.35	295.17	298.13
51	67.95	74.33	80.71	87.09	93.47	99.22	105.46	111.7	117.94	124.18	130.51	137.26	144.01	150.76	157.51	161.79	167.79	173.79	179.79	185.79	193.07	199.07	205.07	211.07	217.07	224.36	230.36	236.36	242.36	248.36	255.65	261.65	267.65	273.65	279.65	286.92	292.92	298.92	304.92	315.26	318.21
52	71.96	78.7	85.44	92.18	98.92	105.25	111.86	118.47	125.08	131.69	138.55	145.59	152.63	159.67	166.71	171.84	178.33	184.82	191.31	197.8	205.12	211.61	218.1	224.59	231.08	238.42	244.91	251.4	257.89	264.38	271.71	278.2	284.69	291.18	297.67	305	311.49	317.98	324.47	335.35	338.29
53	76.43	83.56	90.69	97.82	104.95	111.97	118.98	126	133.01	140.02	147.5	154.92	162.34	169.76	177.18	182.84	189.49	196.14	202.79	209.44	218.05	224.7	231.35	238	244.65	253.58	260.23	266.88	273.53	280.18	289.11	295.76	302.41	309.06	315.71	324.64	331.29	337.94	344.59	357.22	360.17
54	80.9	88.43	95.96	103.49	111.02	118.68	126.1	133.52	140.94	148.36	156.45	164.25	172.05	179.85	187.65	194.21	201.65	209.09	216.53	223.97	231.98	239.42	246.86	254.3	261.74	269.74	277.18	284.62	292.06	299.5	307.52	314.96	322.4	329.84	337.28	345.28	352.72	360.16	367.6	383.04	383.04
55	86.16	94.16	102.16	110.16	118.16	126.56	134.36	142.16	149.96	157.76	167.44	175.58	183.72	191.86	200	207.83	215.67	223.51	231.35	239.19	248.22	256.06	263.9	271.74	279.58	288.61	296.45	304.29	312.13	319.97	329	336.84	344.68	352.52	360.36	369.9	377.74	385.58	393.42	407.9	410.78
56	91.41	99.8	108.19	116.58	124.97	134.43	142.62	150.81	159	167.19	177.44	186.23	195.02	203.81	212.6	220.46	228.84	237.22	245.6	253.98	263.46	272.25	281.04	289.83	298.62	306.48	315.27	324.06	332.85	341.64	349.49	358.28	367.07	375.86	384.65	392.52	401.31	410.1	418.89	432.76	435.53
57	97.54	106.5	115.46	124.42	133.38	143.61	152.37	161.13	169.89	178.65	189.68	198.88	208.08	217.28	226.48	235.76	244.96	254.16	263.36	272.56	281.82	291.02	300.22	309.42	318.62	327.9	337.1	346.3	355.5	364.7	373.98	383.18	392.38	401.58	410.78	420.06	429.26	438.46	447.66	463.37	466.14
58	103.66	113.08	122.5	131.92	141.34	152.78	162.12	171.46	180.8	190.14	201.92	211.54	221.16	230.78	240.4	251.06	260.68	270.3	279.92	289.54	300.19	309.81	319.43	329.05	338.67	349.33	358.95	368.57	378.19	387.81	398.47	408.09	417.71	427.33	436.95	447.61	457.23	466.85	476.47	493.98	496.74
59	110.2	120.14	130.08	140.02	149.96	162.11	172.05	181.99	191.93	201.87	214.53	224.79	235.05	245.31	255.57	266.95	277.21	287.47	297.73	307.99	318.87	329.13	339.39	349.65	359.91	371.28	381.54	391.8	402.06	412.32	423.7	433.96	444.22	454.48	464.74	475.91	486.17	496.43	506.69	525.59	528.52
60	116.75	127.29	137.83	148.37	158.91	172.45	182.99	193.53	204.07	214.61	228.15	239.05	249.95	260.85	271.75	283.85	294.75	305.65	316.55	327.45	339.54	350.44	361.34	372.24	383.14	395.23	406.13	417.03	427.93	438.83	450.92	461.82	472.72	483.62	494.52	506.61	517.51	528.41	539.31	562.31	562.31
																																									
INDEXED UNIVERSAL LIFE	FEMALE																																								
AGE	50000	55000	60000	65000	70000	75000	80000	85000	90000	95000	100000	105000	110000	115000	120000	125000	130000	135000	140000	145000	150000	155000	160000	165000	170000	175000	180000	185000	190000	195000	200000	205000	210000	215000	220000	225000	230000	235000	240000	245000	250000
40	28.52	31.31	34.1	36.89	39.68	40.07	42.73	45.39	48.05	50.71	51.66	54.16	56.66	59.16	61.66	63.21	65.59	67.97	70.35	72.73	74.78	77.09	79.4	81.71	84.02	86.35	88.66	90.97	93.28	95.59	97.91	100.22	102.53	104.84	107.15	109.48	111.79	114.1	116.41	118.9	121.05
41	30	32.95	35.9	38.85	41.8	42.3	45.15	48	50.85	53.7	54.62	57.37	60.12	62.87	65.62	66.91	69.49	72.07	74.65	77.23	79.22	81.8	84.38	86.96	89.54	91.53	94.11	96.69	99.27	101.85	103.83	106.41	108.99	111.57	114.15	116.14	118.72	121.3	123.88	126.15	128.46
42	31.47	34.56	37.65	40.74	43.83	44.53	47.52	50.51	53.5	56.49	57.57	60.46	63.35	66.24	69.13	70.61	73.38	76.15	78.92	81.69	83.67	86.44	89.21	91.98	94.75	96.71	99.48	102.25	105.02	107.79	109.76	112.53	115.3	118.07	120.84	122.81	125.58	128.35	131.12	133.4	135.86
43	33.12	36.36	39.6	42.84	46.08	46.91	50.05	53.19	56.33	59.47	60.87	63.95	66.03	69.11	72.19	74.75	77.5	80.25	83	85.75	88.63	91.38	94.13	96.88	99.63	102.5	105.25	108	110.75	113.5	116.37	119.12	121.87	124.62	127.37	130.25	133	135.75	138.5	141.8	144.13
44	34.78	38.18	41.58	44.98	48.38	49.48	52.78	56.08	59.38	62.68	64.18	67.53	70.88	74.23	77.58	78.89	81.92	84.95	87.98	91.01	93.58	96.61	99.64	102.67	105.7	108.29	111.32	114.35	117.38	120.41	122.99	126.02	129.05	132.08	135.11	137.69	140.72	143.75	146.78	149.2	152.4
45	36.73	40.32	43.91	47.5	51.09	52.4	55.89	59.38	62.87	66.36	68.08	71.67	75.26	78.85	82.44	83.76	86.96	90.16	93.36	96.56	99.92	103.12	106.32	109.52	112.72	115.6	118.8	121	124.2	127.4	131.28	134.48	137.68	140.88	144.08	147.05	150.25	153.45	156.65	160.63	162.83
46	38.68	42.46	46.24	50.02	53.8	55.32	59	62.68	66.36	70.04	71.98	75.86	79.74	83.62	87.5	88.62	91.92	95.22	98.52	101.82	105.27	108.57	111.87	115.17	118.47	121.92	125.22	128.52	131.82	135.12	138.57	141.87	145.17	148.47	151.77	155.21	158.51	161.81	165.11	171.87	171.87
47	40.8	44.77	48.74	52.71	56.68	58.32	62.19	66.06	69.93	73.8	75.98	79.95	83.92	87.89	91.86	93.94	97.29	100.64	103.99	107.34	111.76	115.11	118.46	121.81	125.16	129.58	132.93	136.28	139.63	142.98	147.38	150.73	154.08	157.43	160.78	165.19	168.54	171.89	175.24	180.09	183.02
48	43.33	47.55	51.77	56	60.22	62.31	66.43	70.55	74.67	78.79	81.29	85.56	89.83	94.1	98.37	100.27	103.89	107.51	111.13	114.75	119.25	122.87	126.49	130.11	133.73	138.23	141.85	145.47	149.09	152.71	157.2	160.82	164.44	168.06	171.68	176.18	179.8	183.42	187.04	192.25	195.17
49	44.76	49.12	53.48	57.84	62.2	64.46	68.72	72.98	77.24	81.5	84.16	88.61	93.06	97.51	101.96	103.86	107.66	111.46	115.26	119.06	123.55	127.35	131.15	134.95	138.75	143.25	147.05	150.85	154.65	158.45	162.94	166.74	170.54	174.34	178.14	191.63	187.43	191.23	195.03	209.41	212.33
50	46.76	51.32	55.88	60.44	65	67.46	71.92	76.38	80.84	85.3	88.16	92.81	97.46	102.11	106.76	108.86	112.76	116.66	120.56	124.46	129.55	133.45	137.35	141.25	145.15	150.25	154.15	158.05	161.95	165.85	170.94	174.84	178.74	182.64	186.54	191.63	195.53	199.43	203.33	212.33	212.33
51	49.55	54.38	59.21	64.04	68.87	71.64	76.37	81.1	85.83	90.56	93.77	98.7	103.63	108.56	113.49	115.8	119.9	124	128.1	132.2	137.89	141.99	146.09	150.19	154.29	159.98	164.08	168.18	172.28	176.38	182.06	186.16	190.26	194.36	198.46	204.13	208.23	212.33	216.43	223.59	226.42
52	52.33	57.43	62.53	67.63	72.73	75.81	80.81	85.81	90.81	95.81	99.27	104.59	109.91	115.23	120.55	122.74	127.34	131.94	136.54	141.14	146.23	150.83	155.43	160.03	164.63	169.7	174.3	178.9	183.5	188.1	193.17	197.77	202.37	206.97	211.57	216.64	221.24	225.84	230.44	237.29	240.12
53	55.46	60.83	66.2	71.57	76.94	80.51	85.78	91.05	96.32	101.59	105.55	111.17	116.79	122.41	128.03	130.6	135.49	140.38	145.27	150.16	155.64	160.53	165.42	170.31	175.2	180.68	185.57	190.46	195.35	200.24	205.73	210.62	215.51	220.4	225.29	230.77	235.66	240.55	245.44	252.99	255.82
54	58.6	64.24	69.88	75.52	81.16	85.21	90.75	96.29	101.83	107.37	111.83	117.76	123.69	129.62	135.55	138.45	143.64	148.83	154.02	159.21	164.4	169.59	174.78	179.97	185.16	190.35	195.54	200.73	205.92	211.11	216.3	221.49	226.68	231.87	237.06	242.25	247.44	252.63	257.82	263.01	268.2
55	62.15	68.15	74.15	80.15	86.15	92.15	98.15	104.15	110.15	116.15	122.15	128.15	134.15	140.15	146.15	152.15	158.15	164.15	170.15	176.15	182.15	188.15	194.15	200.15	206.15	212.15	218.15	224.15	230.15	236.15	242.15	248.15	254.15	260.15	266.15	272.15	278.15	284.15	290.15	296.15	302.15
56	66.1	72.1	78.1	84.1	90.1	96.1	102.1	108.1	114.1	120.1	126.1	132.1	138.1	144.1	150.1	156.1	162.1	168.1	174.1	180.1	186.1	192.1	198.1	204.1	210.1	216.1	222.1	228.1	234.1	240.1	246.1	252.1	258.1	264.1	270.1	276.1	282.1	288.1	294.1	300.1	306.1
57	70.05	76.05	82.05	88.05	94.05	100.05	106.05	112.05	118.05	124.05	130.05	136.05	142.05	148.05	154.05	160.05	166.05	172.05	178.05	184.05	190.05	196.05	202.05	208.05	214.05	220.05	226.05	232.05	238.05	244.05	250.05	256.05	262.05	268.05	274.05	280.05	286.05	292.05	298.05	304.05	310.05
58	74	80	86	92	98	104	110	116	122	128	134	140	146	152	158	164	170	176	182	188	194	200	206	212	218	224	230	236	242	248	254	260	266	272	278	284	290	296	302	308	314
59	77.95	83.95	89.95	95.95	101.95	107.95	113.95	119.95	125.95	131.95	137.95	143.95	149.95	155.95	161.95	167.95	173.95	179.95	185.95	191.95	197.95	203.95	209.95	215.95	221.95	227.95	233.95	239.95	245.95	251.95	257.95	263.95	269.95	275.95	281.95	287.95	293.95	299.95	305.95	311.95	317.95
60	81.9	87.9	93.9	99.9	105.9	111.9	117.9	123.9	129.9	135.9	141.9	147.9	153.9	159.9	165.9	171.9	177.9	183.9	189.9	195.9	201.9	207.9	213.9	219.9	225.9	231.9	237.9	243.9	249.9	255.9	261.9	267.9	273.9	279.9	285.9	291.9	297.9	303.9	309.9	315.9	321.9	